Zip Code,Total Housing Units,% built 2014 or later,% built 2010 - 2013,% built 2000 - 2009,% built 1990 - 1999,% built 1980 - 1989,% built 1970 - 1979,% built 1960 - 1969,% built 1950 - 1959,% built 1940 - 1949,% built 1939 or earlier
06390,820,0,0,10.4,10,2.9,8.4,0.2,14.4,7.2,46.5
07421,3285,0,0,5.1,13.6,16.3,7.9,11.2,23.8,13.3,8.8
10001,13836,3.7,10.1,17.7,2.4,3.3,1.8,22.2,3.2,2.6,33
10002,35803,0,0.8,3.9,2.6,4.2,12.2,14.8,14.3,10,37.2
10003,31083,0,0.7,3.3,1.8,4.3,4.9,17.5,10.9,5.2,51.4
10004,2044,0,0,14.4,4.1,7.7,1.9,1.7,1,2.2,67
10005,5442,0,1.5,13,4.9,7.7,9.4,5.2,5.5,3.7,49.2
10006,2167,0,2.9,6.6,8.4,1.8,4.1,7.9,3,1.7,63.7
10007,3188,0,1.1,33.6,8,17.8,3.2,7,1.4,0.5,27.5
10009,31256,0.1,0.7,3.7,4,3.8,4.8,9.9,11.5,29,32.4
10010,17847,0.1,1,11,3,7,18.1,13.7,8,12.4,25.7
10011,33543,0.5,1.5,9.2,2.1,3.1,4.5,14.7,7.3,6.4,50.7
10012,14180,0,0.4,1.5,2,5.3,4.1,8.5,6.9,4,67.3
10013,14178,0.6,0.7,11.5,4.4,3.9,10.1,2.9,3.4,2.5,60
10014,21756,0.3,0.1,2.6,2.1,3.6,3.4,8.4,5.5,4,69.8
10016,35421,0.9,0.5,7,5.6,13.4,11.5,19.9,11.8,5.3,24.2
10017,12720,0,0.6,7,3.4,14.2,4.2,16.2,8.1,4.3,42
10018,5859,0.3,20.6,35.1,4.3,2.9,2.4,2.3,1.5,3.3,27.3
10019,32827,0.4,3,13.8,7,11.2,10.5,11.1,5.9,6.8,30.4
10021,30615,0,0.5,4,3.6,7.6,9.3,23.9,14.8,7.4,28.7
10022,23904,0.3,0.1,4.6,1.8,9.3,11.8,18.8,19.2,5.8,28.2
10023,41182,0.7,0.4,4.7,6.4,7.2,6.2,14.8,5.5,4.6,49.5
10024,33872,0,0.3,1.1,2.3,6.3,5,3.4,3.4,3.4,74.9
10025,48734,0.1,0.9,3.4,2.2,3.1,6.8,11.8,7.3,3.9,60.6
10026,17085,0.6,1.2,14.5,5.7,7.4,5.8,6,11.2,6.4,41.2
10027,26298,0.4,2.9,7.4,3.2,3.6,5.1,8.9,16.3,4.8,47.4
10028,29368,0,0.2,2.4,3.8,8.9,10.8,19.9,13.8,4.5,35.7
10029,33769,0.3,2.5,7,3.3,4.5,12.7,19.2,16.8,9.9,23.8
10030,13563,0.1,1.7,7.1,8.6,6.3,7.3,10.8,7.3,7.2,43.5
10031,23957,0,0.8,1.4,2,1.2,6.5,5.1,3.7,7.6,71.8
10032,22226,0.3,0,0.6,2.2,2.6,4.2,7.6,5.2,13.4,64
10033,20654,0,0.3,1.4,0.3,1.2,2.6,9.9,7.4,12,64.8
10034,16724,0.1,0.4,0.8,1.1,1.6,3,4.3,11.5,12.6,64.6
10035,15233,0,3,15.4,6.2,6.8,15.7,7.8,14.7,6.1,24.3
10036,19522,1.9,6.7,29.8,7.5,6.9,10,3.2,3.1,2.5,28.3
10037,10534,0.4,3.1,6.5,2.1,4.3,6.9,20.5,23.3,18.7,14.3
10038,11508,0.3,3.6,13.6,1.9,4.6,14.4,15.1,12.9,6,27.5
10039,11827,0,2.4,11.5,3.5,5.4,6.6,24.4,14.3,6.3,25.5
10040,17309,0.1,0.7,0.7,1.2,0.8,4,9.4,12.2,11.9,59
10044,5429,0.7,0.5,33.8,5.1,12.7,35.9,5.4,1.7,0.2,4
10065,21614,0.8,0.4,4.8,3.1,6.9,7.2,21.3,15.1,8.1,32.5
10069,3625,2.2,8.8,56.3,30.4,0.7,1.7,0,0,0,0
10075,12954,0,0.5,0.8,1.8,9.3,14.3,15.4,13.5,9.9,34.6
10128,35160,0,0.2,5,6.5,13.7,15.1,12.6,6.8,4.7,35.4
10162,709,0,0,11,0,0,0,85.6,0,3.4,0
10280,5347,0,1,6.5,10.9,72.8,6.6,1.6,0,0,0.6
10282,2900,0,9.3,57.8,28.2,3.7,0.5,0,0,0,0.5
10301,16293,0.3,0.5,4.1,3.6,4.5,11.4,14,13.1,7.6,40.9
10302,6807,0.1,0,6.2,5.4,3.6,5.9,10.4,12,9.6,46.9
10303,9240,0.2,0.6,15,13.2,16.4,12.7,6.8,7.3,3.1,24.7
10304,16178,0.4,2.9,7.1,8.5,10.8,7.9,16.1,12.9,4.4,29
10305,15903,0.3,1,13.6,12.2,12.5,13,14.4,11.5,4.2,17.2
10306,21566,0.1,0.9,7.4,8.5,12.5,13.8,23.3,15,5.1,13.4
10307,5421,0,2,26.9,18.9,17.1,2,4.9,3.2,2.2,22.9
10308,11247,0,1.2,3.8,8.2,14.9,27.3,20.9,7.9,2.3,13.5
10309,11882,0.2,1.6,21.8,27.2,28.8,7.6,2.8,2.5,0.4,7.2
10310,9311,0,1,12.4,6,3.9,3.7,9.2,11.4,8,44.4
10312,22218,0.3,0.7,9.6,16.5,19.9,28.8,11.7,5.3,1.6,5.6
10314,33113,0.4,0.4,4.7,7.9,21.6,28,14.4,8.6,3.3,10.8
10451,19631,0.7,4.2,8.4,2,3.2,6.9,17.8,14.2,13.8,28.8
10452,27018,0.7,2.1,7.7,5.7,4.8,3.8,6.9,7.5,12.3,48.6
10453,28714,0.1,1.9,4.4,3.4,4,8.8,6.1,10.7,14.1,46.7
10454,13988,0.9,2.6,5.6,3.3,5.2,8.3,10.2,17.6,6.3,40.1
10455,14863,0.4,2.8,5.4,5.8,4.1,7.9,11.6,12.5,5.3,44.3
10456,31829,0.6,3,9.1,5.5,2.9,4.8,10.3,11.1,9.3,43.4
10457,25665,0.2,3.3,4.6,4.7,3.5,7.3,5.9,8.2,11,51.4
10458,28886,0.3,1.4,4.1,2.1,2.7,5.8,8.1,8.4,11.7,55.5
10459,17625,0.5,4.3,13.5,9.6,6.4,3.9,5.4,7.3,4.1,45
10460,21364,0.8,1.5,8.2,8.1,6,16.1,7.4,10.1,7.6,34.1
10461,20286,0,0.5,3.8,1.7,2.2,7.1,17.5,16.1,13.3,37.8
10462,31105,0.1,1.2,3.3,1.5,1.4,4.3,8.3,11.9,24.2,43.8
10463,30239,0.2,1,2.2,1.9,1.8,8.4,18.1,24.8,9,32.5
10464,2142,0,0,4.3,3.7,18.6,0.9,12.1,13.3,4,43
10465,16884,0,0.3,7,3.5,4.5,9.9,16,24.5,10.4,23.9
10466,24926,0.2,0.8,4.2,4,3.2,5.8,14.3,21.7,11.3,34.6
10467,38059,0.4,1.9,3.3,2.4,4.3,8.5,12.4,14.2,14.2,38.4
10468,26969,0.3,0.6,2.3,1.1,1.6,5.4,7.1,9.1,15.3,57.2
10469,23576,0,0.3,4,2.5,3.8,5.2,14.9,27.1,16.8,25.4
10470,6355,0,0.3,2,2.6,3.5,3,11.4,16.8,14,46.3
10471,9721,0.3,0.5,1.8,1.9,2.5,6.4,29.4,22.3,12.3,22.7
10472,23328,0.1,0.4,1.9,2.6,3.6,6,15.1,24.8,11.4,34.1
10473,21894,0.1,0.5,8.2,4.8,4.2,16.6,24.7,16.6,8.5,15.9
10474,4105,0,0,3.4,5.4,6.2,3.4,7.9,7,3.8,62.9
10475,19189,0.5,0,0.4,5.9,0.5,28.8,52,5.2,3.4,3.4
10501,415,0,1.4,7,22.4,9.4,17.6,14.7,12.3,7,8.2
10502,2008,0,0.9,9.5,7.5,7.2,4.9,10.9,33.9,7.7,17.5
10503,95,0,0,0,0,0,0,0,0,0,100
10504,2862,0.8,1.3,12.2,14.9,8.7,9.5,15.1,20.2,3.2,14.2
10505,297,5.4,8.8,53.2,16.8,1.3,3.7,7.4,3.4,0,0
10506,2331,0,1.2,3.1,12.8,14.5,10.5,23.3,13.7,2.1,18.9
10507,2379,0,4.8,3.2,7.9,13.6,8,20.3,14.3,7.8,20.1
10509,7533,0.1,0.7,8.3,10.1,21,14.7,10.7,12.2,4,18.2
10510,3753,1,1.2,6,14.2,15.7,7.7,13.4,21.6,3.8,15.4
10511,927,0,0,8.6,7.3,8,9.2,5.5,13.8,13.1,34.5
10512,10230,0.2,0.9,6.1,9,15.2,19.9,14.7,12.3,8.1,13.6
10514,4278,0.1,1.6,3.3,9.2,13,13,15.4,17.6,5.4,21.4
10516,2487,0,3,10.1,4.5,11.8,17.5,7,4.3,4.1,37.8
10517,139,0,0,0,3.6,0,7.2,15.8,31.7,2.9,38.8
10518,462,0,0,2.4,32.3,35.9,8.2,0,0,9.7,11.5
10519,97,0,0,0,0,0,0,26.8,11.3,19.6,42.3
10520,5506,0.2,0.3,4.2,5,10.5,13.6,18.7,18.6,5.8,23.1
10522,3851,0,0,5.3,2.4,6.6,6.4,14.6,26.5,8.2,30.1
10523,3234,0.7,7.5,6.7,14.3,2.8,6,13.9,22.6,7.3,18.3
10524,1781,0.6,0.2,10.4,5.2,12.3,16.1,18.6,14.4,5.2,17
10526,705,0,0,3.5,19.4,8.9,28.7,8.5,8.4,4.7,17.9
10527,266,0,0,0,17.3,17.3,31.6,18,7.5,0,8.3
10528,4886,0.4,1.7,6.9,3.8,6.1,7.2,14.2,22.3,9.3,28.1
10530,6195,0,0,0.2,1.5,7.8,14.6,22.8,29.6,9.1,14.4
10532,1693,1.1,1.8,0.7,2.6,5.8,7.5,13.5,37.1,8.6,21.3
10533,2781,0,0.4,4,6.8,8.8,8.6,9.3,30.5,3.6,27.9
10535,216,0,0,6.9,0,0,42.6,33.3,6.5,0,10.6
10536,3859,0,0.9,3.8,9.6,13.3,11.3,17.8,16.1,4.5,22.6
10537,880,1.7,0,6.7,0,4.1,4.2,21.1,17.3,20.3,24.5
10538,6154,0.5,0,1.9,1.7,3,2,8.1,12.2,12.8,57.7
10541,9535,0,1.5,6.2,9.2,11.9,15.6,22.1,15.8,6.7,11.1
10543,7980,0.1,0.9,3.9,6.4,7.4,3.8,13.1,18.5,9.2,36.7
10546,486,0,0,3.3,6,35.6,8,20.2,8,2.1,16.9
10547,2717,0,0,3.5,7.6,16.8,15.3,13.1,17.9,17.1,8.7
10548,1415,0,3.9,3.1,2.2,3.7,23,14.3,23.1,2.9,23.8
10549,6208,0,0,7.2,5.8,19,14.4,18.4,10.3,5.4,19.5
10550,14658,0.1,2.1,3.8,3,3.6,7.1,10.4,9.3,11.7,48.9
10552,8946,0,1.2,1.1,2.1,2.4,6.3,9.9,23.1,12.5,41.5
10553,3662,0,0,0.4,4.3,0.3,3.5,8.4,12.2,13.7,57.1
10560,2053,1.3,2.8,4,7.3,10.4,14,17.8,13.4,4.8,24.2
10562,11243,1.3,0.4,4.3,4.9,14.2,9,16.1,15.5,5.3,28.9
10566,10365,0.2,0.3,7.1,7.4,11.8,11.8,10.2,10.8,6.3,34.1
10567,7254,0,0.4,9.4,8.1,12.8,9.3,17.1,25.6,7,10.4
10570,4354,0,0,2.7,7.2,9.5,11.2,11.1,21.2,6.4,30.7
10573,13480,0.2,0.7,6.2,4.2,5.2,5.1,16.7,20.2,7.6,34
10576,2356,0,0,7.1,6.6,16.9,21.6,14.8,11.6,2,19.4
10577,829,0,1.3,12.1,11.1,17.6,16.8,15.4,8.9,7.5,9.3
10578,297,0,0,1.7,4.7,5.7,7.4,15.8,36.4,2.7,25.6
10579,3771,0,0.5,9.5,8.1,8.8,13.6,14.1,14.4,11.9,19.4
10580,6256,0.8,1.3,5.7,6.8,10.4,6.9,9.4,16.5,7.4,34.8
10583,14336,0.5,0.7,4.4,2.2,5.2,5.2,12.5,23.8,9.1,36.4
10588,1117,0,0,17.3,3.4,4.4,10,15.8,19.3,11.7,18.1
10589,4109,0.4,0,12.5,17.6,31.7,20.9,7.5,3.1,1,5.5
10590,2844,0,0,3,9.4,22.9,24.4,11.2,13,1.1,15
10591,9357,0.1,1.1,9,4.8,6,10.9,9.1,12.3,11.3,35.4
10594,1669,0,0.7,3.7,9,5.5,6.9,12.6,31.2,5.1,25.4
10595,2417,0,1.3,6.2,6.5,5.3,9,14.9,29.5,5.4,21.8
10596,627,0,0,1.4,0,2.7,13.9,2.7,33.7,2.9,42.7
10597,432,0,0,13.7,16.7,17.8,35,0,16.9,0,0
10598,11215,0.6,0.7,3,6.5,12.3,18.6,24.7,21.7,3.2,8.7
10601,5794,0.9,2.4,22.9,3.9,7.3,5,11.5,13.7,6.5,25.9
10603,7135,0,0.2,4.4,6.5,8.5,15.4,19.7,22.2,8.4,14.7
10604,4230,0,1.6,6.3,8,6.3,11.4,12.6,22.4,9.6,21.7
10605,7284,0.2,0.7,6,7.7,9.1,2.6,13.7,25.6,6.2,28.3
10606,5850,0.2,0.6,8.2,8.5,4.9,8.7,10.1,8.5,5.2,45
10607,2355,0,0.6,5.4,9.6,8.1,5.1,14.7,34.1,6.7,15.9
10701,26328,0.3,1.5,5.9,3.6,5.1,13.2,16,14.7,9.1,30.5
10703,7950,0.3,0.2,4.2,1.9,6.3,9.2,15.6,20.4,7.9,34.2
10704,13200,0,0,1.6,1.4,4.3,7.8,14.5,29.7,10.7,30
10705,15294,0,1.5,4.3,2.6,5.2,11,13.8,14.3,8.2,39.3
10706,3508,0,0.7,2.1,4,8.4,3.4,12.9,17.8,7.6,43
10707,4178,1.1,0,6.4,2.3,10.2,9.1,7.9,14.9,6.4,41.7
10708,9820,0,0.1,0.3,1.9,6,4.5,7.4,22.5,10.7,46.6
10709,3922,0,0.6,1.8,3.8,3.8,9.3,9.7,32.3,15.7,23
10710,10833,0,1.1,2.6,3.7,3.7,9.9,24,32.8,8.2,14.1
10801,15479,0.1,0.6,11.6,3.4,4,5.4,9.5,11.7,8.9,44.7
10803,4307,0,0,2.8,0.9,3.1,3.7,6.6,13.6,6,63.3
10804,5236,0.2,0,3.4,1.1,4.8,5.9,8.9,29.7,9.6,36.2
10805,8077,0,0,1.2,2.6,5.6,8.3,13.4,29,12.2,27.7
10901,9148,0,0.8,6.6,10.6,9.8,25.2,22.2,8.8,2.9,13.1
10910,25,0,0,0,0,0,0,0,0,0,100
10913,1645,0,0,4.6,13.4,9.1,5.2,26.1,31.8,3.2,6.7
10914,183,0,0,15.8,0,6.6,8.7,22.4,8.2,28.4,9.8
10915,57,0,0,0,0,52.6,0,0,0,0,47.4
10916,1410,0,0,18.4,11.8,15.2,14.6,8.2,16.4,2.7,12.6
10917,639,0,2,14.6,4.5,9.1,16.9,16.3,5.9,0,30.7
10918,4147,0.3,0,8.2,18.5,23.4,10.4,12.3,9.5,4,13.5
10919,455,0,0,10.8,2,18.7,12.5,2.2,17.1,8.6,28.1
10920,3092,0.3,0.5,4.1,12.6,17.4,10.8,24.9,6.8,6.1,16.5
10921,1417,2.5,2,7.7,11.3,13.3,17.6,6,11.6,5.6,22.3
10922,699,0,0,18,8.2,10.2,3.7,4.9,9,9.7,36.3
10923,2744,0.5,0,4,10.2,13.3,26.3,11.2,18.4,2.8,13.3
10924,4960,0.4,1.6,10.7,13,11.2,15.6,12.2,8.4,2.4,24.5
10925,2260,0,1.4,0,2.7,5.7,3.3,20.5,17.5,24.6,24.2
10926,1411,0.9,0.7,6.3,6.2,40.1,16.9,2.4,2.8,0.8,22.8
10927,3849,0.5,1,13.8,4.4,6.8,6.7,15.2,3.8,5.1,42.8
10928,1995,0,0.4,7.8,3.3,4.4,6.1,8.2,15.6,13.3,40.9
10930,3121,0,0.4,20,16.3,16.3,15.8,13.4,3.4,2.1,12.3
10931,385,0,0,7,8.8,5.5,2.1,4.7,8.1,7,56.9
10932,35,0,0,0,0,0,51.4,0,0,0,48.6
10933,215,0,0,25.1,31.2,4.2,0,14.9,0,0,24.7
10940,20063,0.8,3.2,12.8,7.7,12.9,13,7.5,9.7,5.2,27.2
10941,5181,0,0.9,10.7,9.1,17.3,38.1,12.2,4.6,1.5,5.7
10950,14059,1.2,3.9,16.1,12.5,15.3,14.9,10.4,9.2,5,11.4
10952,9726,1.1,3.9,15.9,11.6,7.7,16,30.2,9,1.4,3.2
10953,90,0,0,11.1,0,27.8,0,33.3,0,0,27.8
10954,8805,0,0.6,7.1,16.7,15.4,21.3,17.7,12.6,2.5,6
10956,10694,0.4,0.8,2.3,7.5,11.3,25.5,24.8,17.9,2.9,6.5
10958,1114,0,0.4,10.7,11.8,11.1,11,12.1,8.7,4.8,29.4
10960,6988,0,1.1,2.7,4.1,7.7,12.1,14.2,11.8,7.7,38.6
10962,1920,0,2.1,2.6,6.3,10.4,31,22.8,19.2,1.8,3.9
10963,1054,0,0,14.7,8.5,10.2,14.1,7.2,2.8,6.1,36.3
10964,565,0,2.1,3,3.4,20.7,7.6,13.3,23.4,2.1,24.4
10965,5712,0,1.5,4,5.8,5.1,8.8,24.3,26.8,6.5,17.1
10968,1244,1.6,0,6.7,22.3,5.4,5.9,14.6,2.7,6.3,34.5
10969,500,0,0,19.6,4,13.8,9.2,7.2,17.4,1.6,27.2
10970,3806,0.4,1,13.5,9.7,12,35.1,19.4,3.9,1.1,3.9
10973,861,0.6,1.5,6.6,5.7,16.4,23.5,12.4,5.6,4.1,23.7
10974,1197,0,0,3.7,3.1,5.1,17.4,14.2,21.2,5.8,29.6
10975,144,0,0,0,0,0,56.3,0,0,0,43.8
10976,783,0,0,9.1,13,18.3,7.9,14.4,2.4,4.6,30.3
10977,16664,0.5,5,8.9,7.3,8.2,16.6,26,13.3,5,9.3
10979,126,0,0,0,0,24.6,0,38.1,13.5,0,23.8
10980,5093,0.2,0.3,8.2,12.6,14,13.3,18.2,18.2,1.9,13.1
10983,1962,0,0,4.6,5.1,9.5,7.7,38.8,12.2,4.3,17.7
10984,983,0,0,1,3.9,17.5,43.5,23,4.9,1.3,4.9
10985,50,0,0,0,18,62,0,0,0,0,20
10986,624,0,2.1,19.2,8.7,17.6,11.2,12.3,9.5,7.4,12
10987,1523,0,0.1,15.2,12.9,5.4,8.5,15.3,4.4,2.2,35.9
10988,352,0,0,13.6,10.8,6,7.4,7.4,4.3,0,50.6
10989,3641,0,1,5.3,6,9.3,31.4,27.7,9.6,2,7.8
10990,7839,0,1.3,10.8,14.7,19.4,10.5,11.2,8.3,2.5,21.3
10992,3369,0,0,10.1,13.4,27.9,20.8,8.4,5.2,3,11.1
10993,1576,0,0,0.9,15,5.8,16.7,20.4,19.5,2.5,19.1
10994,2684,3.5,4.8,7.4,6,6.8,14.6,14.6,25.4,2.5,14.4
10996,864,0,11.7,12,12.8,5,11.3,12.3,5.2,0.7,28.9
10998,1076,0,2.2,26.7,15.3,11.4,11.2,2.1,3.1,3.7,24.3
11001,9473,0.1,0,0.9,1.3,2.3,2.6,9.4,24.8,13.7,44.9
11003,12886,0,0.1,2.8,0.8,2.3,6.1,11,37.5,24.1,15.3
11004,5223,0.6,0,1.7,0.8,1.9,4.5,9.5,49.1,26.3,5.5
11005,1609,0,0,0,0,10.7,74.2,4.8,3.7,4.5,2.1
11010,8155,0.3,0.1,1.6,1.6,2.1,5.7,7,40.5,26.4,14.7
11020,1957,0,0.9,2.8,2.7,2.4,3.4,7.6,30.5,18.1,31.7
11021,8457,0.2,0.5,3.2,2.6,4.8,5.8,15.2,26.3,17,24.4
11023,3168,0.6,1.1,10.1,2.5,2,6,6.7,25.1,14.7,31.2
11024,2344,0,1.4,7,5.4,6.9,7.4,9.5,25.3,8.5,28.6
11030,6702,0.7,0.3,10,5.7,10.2,6.7,7.2,12.1,10.3,36.8
11040,13261,0.1,0.5,0.9,1.6,1.1,3.6,12.4,36.3,30.3,13.2
11050,12088,0.6,2.4,8.3,4.2,4,8.5,16.5,22.1,9.2,24.1
11096,2705,0,0,2.3,1,9.1,4.9,6.2,22.5,11.1,42.8
11101,15249,5.7,9.5,15.7,1.5,0.6,1.9,3.1,4.5,18.2,39.3
11102,15696,0.7,2.9,10.7,5.4,4.4,5.6,10.7,12.3,11,36.2
11103,18102,0.1,1.2,3.4,1.4,2.9,5.9,8.6,13.7,16.3,46.4
11104,12389,0,0.3,1.4,0.8,1.3,3.3,4.7,12.7,22,53.5
11105,17039,0.2,0.6,2.3,1.8,2.7,4,8.8,13.9,18.3,47.4
11106,18893,0.6,3.3,4.6,4,1.9,6.5,9.5,18.6,16.8,34.4
11109,3745,8.7,36,50.3,4.4,0.2,0,0,0,0,0.4
11201,29843,2.4,5.8,13.2,1.5,1.8,3.6,6.4,11.9,5.2,48
11203,30501,0.1,1,3.7,3.8,1.8,2.6,7.9,10.8,14.7,53.7
11204,26143,0,0.4,3.9,2.1,2.1,4.1,6.6,8.3,11.2,61.3
11205,17217,0.4,4.3,11.9,2.2,1.1,2.9,6.7,10.9,15.7,44
11206,32205,0.4,2.8,13.4,6.4,3.6,9,13.9,12.2,7.5,30.9
11207,36481,0.6,1.7,8.3,5,5.1,6.7,16.5,10.6,5.6,39.9
11208,36331,0.4,2.2,8.6,4.2,3.9,7,11.8,12.2,6.5,43.2
11209,33086,0.1,0.3,2.5,1.3,3.7,4.6,8.2,13,11.2,55.1
11210,24112,0,0.5,1.5,0.9,1,2.8,10.4,13.3,12.8,56.9
11211,41188,1.6,6.3,15.8,4.7,3.5,5.7,7.7,6.2,4.9,43.6
11212,34726,0,1.4,4.4,2.7,7.6,7.5,16.2,14.1,9,37.1
11213,27172,0,1.3,2.8,2.1,2.7,3.3,5.3,6.4,5.3,70.9
11214,33767,0,0.6,4.5,2.7,2.5,6,12.1,14.3,12.9,44.3
11215,31062,0.5,2,5.8,1.7,2.3,2.3,2.7,4.6,4.4,73.7
11216,27036,0.8,0.9,3.6,2.4,2.8,4.8,4.1,3.4,5.2,71.9
11217,18500,1.1,2.2,7.5,2,3,3.9,6,5.6,6.5,62
11218,26127,0.2,0.1,3.3,1.7,2.5,4,14.2,10.9,9.9,53.1
11219,27560,0.1,0.6,5.9,4.2,5.7,4.9,8.2,7.6,8.8,54.1
11220,30849,0,0.7,3.9,1.9,2.8,5.2,7.3,6.2,8.9,63.1
11221,33855,0.6,1.9,6.9,6.5,4.2,7.1,4,3.1,4.2,61.5
11222,18689,0.9,1.7,7,3,1.9,3.3,6.5,7,6.5,62.3
11223,30075,0,1.1,3.4,0.8,2,2.3,9.8,17.2,9.9,53.5
11224,20250,0.1,1.1,2,4.6,5.6,19.2,37.9,10.8,5.5,13.4
11225,24966,0.4,0.6,1.7,1.1,2.1,5.1,10,7.7,9,62.2
11226,40343,0.1,0.3,1.2,1.2,1.5,2.8,6.3,8.4,7.7,70.5
11228,16224,0.1,0.3,2.2,2.3,2.3,3,5.6,11.3,14.3,58.7
11229,33197,0.3,0.3,2.6,1.2,1.2,3.4,10.9,19,16.9,44.3
11230,32557,0,0.6,2.2,2.2,3.3,4.8,11.9,13.6,14.3,47.1
11231,16738,0.5,0.8,6.1,2.7,4.5,2.7,4,9.6,6.4,62.7
11232,9278,0,1.2,5.8,2.3,3.4,2.7,3.9,6.7,7.1,66.9
11233,31542,0.3,1.8,9.8,4.7,3.2,3.1,8.6,5.3,4.2,59.1
11234,34111,0,0.2,3.8,2.6,3.6,6,18.9,21.8,13.9,29.2
11235,35857,0.4,1,7,2.5,2.7,4,18,19.2,12.1,33.1
11236,35249,0,0.3,1.7,1.6,2.3,4,39.5,17.1,6.3,27.2
11237,17984,0.4,0.8,4.9,3,3.1,4.8,4.7,5.5,4.9,67.8
11238,26760,0.8,1.6,5.2,2.5,1.6,4.7,8,4.9,6.3,64.3
11239,6802,0,1,1.6,5.1,4.1,66.7,13.4,2,2,4
11354,22580,0.8,2.4,5.8,4,6.7,9.7,15.7,21.2,14.7,19
11355,30375,0.2,1,6.2,5.7,7,7.5,16.3,19.1,17.9,19.2
11356,8250,0.3,3.8,10.1,4.5,9.2,5,7.6,11.1,10.9,37.6
11357,16133,0.2,0.8,4.8,2.7,4.1,8.8,14.4,36.8,12.6,14.8
11358,13885,0,0.4,2.1,1.7,3.9,3.9,7.4,19.8,22,38.9
11360,9372,0,0,1.3,2.1,22.6,16.1,28.4,17.6,6.6,5.2
11361,11233,0.1,0.4,4.3,3.5,4.1,7.4,15.5,24.1,13.5,27
11362,7430,0,0.2,5,4.6,5.6,5.6,16.2,43.9,8.8,10.1
11363,2757,0,0.4,3.4,1.4,1.5,10.4,17.9,13.5,9.1,42.5
11364,14071,0.1,0.3,1.2,0.9,2.2,6,14,44,21.1,10.1
11365,16321,0.2,0.8,3.9,1.7,7.3,4,10.3,35.5,25.7,10.5
11366,4861,0.7,0.9,4.5,0.7,2.7,3.5,7.7,34.4,27.1,18.1
11367,15817,0,0.6,3.2,1.6,3.7,6,10.8,37.4,27.9,8.8
11368,30363,0,1.1,11.1,5.7,5.5,6.2,20.8,13.7,12.5,23.3
11369,12813,0.1,0.2,5.2,1.6,2.4,2.1,10.7,22.2,15.5,40.1
11370,10192,0,0,3.1,2,4.8,5.6,18,26.7,17.1,22.9
11372,26224,0,0.4,0.8,0.9,3.4,4.3,7.8,25.8,17.8,38.8
11373,33903,0,0.6,3.8,3.3,4.2,7.1,18.6,20.9,15.6,25.8
11374,20911,0.6,1.3,1.6,2,3.5,5.2,17.2,27.3,18.8,22.4
11375,35211,0,0.5,2.2,2.1,1.1,4.3,16.9,25,23.7,24.2
11377,33979,0,0.6,3.3,2,3.6,6.9,18.1,16.4,12.4,36.7
11378,13833,0,0.6,3.1,2.3,3.2,4.2,11.4,16,12.7,46.5
11379,14690,0,0.7,3.2,2,2.6,6.1,16.5,19.5,15.5,33.8
11385,38073,0.1,0.6,2,2.6,1.8,3.4,7.8,8.6,11.3,61.8
11411,6288,0,0,0.6,0.6,0.9,1.9,7.1,29.8,33.9,25.1
11412,11788,0,0.2,2.6,2,1.8,5.4,7.9,20.1,20.7,39.3
11413,12866,0,0.5,4.2,4.1,1.6,5.7,13.5,24.2,15.5,30.6
11414,11501,0,1.4,1.9,2.7,4.4,8.5,37.1,23.1,10.9,10.1
11415,9503,0,0,2.1,2.9,3.3,7.6,13.8,17.1,19.9,33.3
11416,7771,0,0.2,6.2,1.4,4,5.9,9.3,9.8,11.8,51.4
11417,9827,0,0.1,4.6,2.6,5.3,3.2,9.3,13.5,11.8,49.7
11418,11842,0,1.7,2.1,1.7,2.9,3.3,7.3,10.5,11.8,58.5
11419,13512,0,0.4,5.8,1.6,1.5,2.3,5.3,11.2,13.6,58.2
11420,14156,0,0.9,4.5,2.5,1.6,3.8,10.5,19.9,15,41.5
11421,12907,0,0.2,2.6,1.9,2.1,2.9,5,16.8,7.9,60.6
11422,10277,0,2.1,5.5,2.1,1.9,4.7,20,32.3,17.6,13.6
11423,10362,0.2,0.8,3.4,2.6,2.7,2.8,8.2,27.3,16.4,35.6
11426,6690,0,1.2,1.2,1.3,0.5,3.5,8.4,32,26.7,25.3
11427,7970,0,0.6,3,0.9,1.9,2.7,8,33,25.1,24.8
11428,6010,0,0,1.1,1.3,0.6,2.7,6.6,10.1,25.3,52.2
11429,7833,0,0,2.4,1.6,1.2,2.9,14.1,19.7,19.5,38.7
11432,19948,0,2,6.7,2.1,2.2,5.6,18.5,16.7,16.5,29.8
11433,11597,0.2,0.4,9.2,9.4,5.2,6.2,10.3,14.4,12.5,32.3
11434,22077,0,0.2,5.2,5.7,3.1,4.5,33.5,15,11.5,21.3
11435,19719,0.3,1.4,5.2,3.2,3.9,5.2,13.1,23.6,17.8,26.2
11436,6099,0,0.1,6.7,4.9,2.6,4.8,16,15.3,18.6,31.1
11501,7721,0.6,0,1.2,1.2,3.7,4.8,14.7,34.7,13.5,25.6
11507,2478,0,0.8,3,3.9,8.2,1.8,23.4,40.8,10.8,7.2
11509,1302,0,0,3.4,4.7,11.1,9.1,14.4,29.2,8.2,20
11510,11306,0.1,0.1,1.4,1.3,2.4,5.2,15.6,22.8,15,35.9
11514,1775,0,0.4,0,3.4,6,2,16.5,41.9,23.9,5.9
11516,2296,0,1.4,3,1.3,5.2,8.7,8.8,22.7,8.6,40.1
11518,4254,1.2,0.4,2.2,0.3,1.8,3.1,14,27.8,7.9,41.2
11520,14434,0.1,0,1.6,1.2,4.5,6.9,13.7,30.3,7.4,34.3
11530,9606,0,1.7,1.5,1,2.6,1.7,3.9,34.8,13.9,38.8
11542,10501,0.4,0.3,7.6,3.3,7.2,9.3,13.1,29.3,8.5,21
11545,4615,0.2,0.7,4.1,6.3,11.8,8.1,13.3,27.3,6.7,21.6
11547,254,0,0,0,0,7.5,0,14.6,26.8,5.9,45.3
11548,551,0,0,6.9,3.8,12.5,7.1,9.1,31.8,7.8,21.1
11550,17931,0.2,1,3.3,4.9,3.9,10.7,16.5,24.2,14.8,20.4
11552,7611,0.2,1.4,1.9,0.7,2.6,8,9.5,35.7,20.8,19.2
11553,6699,0,0.4,0.4,1.3,4.2,4,9.2,38.8,26.3,15.4
11554,12872,0,1.4,4.6,7.8,4.7,5.2,6.4,55,9,6
11557,2895,0.3,0,1.6,2.7,1.6,9.4,13.8,42.1,12.3,16.1
11558,3139,0.9,2.3,2.2,2,9.9,9.2,16,32.5,7.1,17.9
11559,3009,0,3.9,5.7,0.8,4.5,10.2,17.2,20.8,8.8,27.9
11560,2495,0.2,0.8,2.9,1.2,5,4.6,12.7,23.9,6.5,42.2
11561,18592,0.8,0.2,2.4,4.6,8.5,9.5,18.4,19.8,9.9,26
11563,8432,0.2,0,3.6,3.5,1.5,5.4,13.1,16.3,11.8,44.6
11565,3305,0,0,0.8,0.5,2.3,1.5,8.9,22,23,40.9
11566,11680,0.1,1.3,3,2.1,3.9,4.7,18.5,34.2,13.6,18.6
11568,1124,0,3.5,7.6,11.3,17.1,11.5,12.4,17,4.3,15.5
11569,623,0,1.6,5.9,0,0,0,7.9,7.4,15.9,61.3
11570,10496,0.3,1.7,2.2,1.5,3.6,6,11.6,20.9,11.2,41
11572,10701,0.1,0.1,2.1,2.3,7.6,5.4,15.9,37.3,10.9,18.3
11575,4643,0,0.8,1.4,5.8,1.7,5.6,10.3,28.5,13.9,32
11576,4770,0,0.4,6.3,7.8,12.3,12,20.9,30.4,3.2,6.8
11577,4618,0.6,0.5,7.3,3.6,9,5.9,8.5,33.2,18.9,12.5
11579,2063,0,0,1,0.3,1.9,4.8,7.2,14.7,7,63.1
11580,13816,0.3,2,1.8,0.7,5.5,4,8.6,31.1,28.3,17.8
11581,7101,2,0,1.7,1.2,1.7,2.2,17.2,40.1,11.6,22.2
11590,14896,0.4,2.5,9.9,5,3.1,5.8,9.8,42.3,12.7,8.2
11596,3702,0.2,0.1,1.9,0.6,0.4,2.1,5.4,22.1,18.9,48.4
11598,4235,0.2,0.3,3,2.3,2.1,4.4,21.9,22.8,9.8,33.2
11691,21988,0,1.8,11.6,5.6,6.9,14.1,15.9,18.8,9.6,15.8
11692,7231,1,3.5,17.9,5.5,2.2,13.2,19.9,15.1,9.6,12.1
11693,5312,0,1,20.3,2.2,0.5,11.2,19.5,17.2,10.4,17.8
11694,9417,0.5,1.1,5,1,1.3,6.2,23.4,17.2,10.7,33.5
11697,2400,9.1,0.9,9.4,14.8,11,9.1,6.4,17,6.6,15.7
11701,9225,0,2,7,8.5,8.5,11.8,18.1,24.9,6.9,12.3
11702,5594,0.6,2,3.4,2.2,5.2,12.6,13.5,25.3,10,25.3
11703,5699,0,0.1,1.9,1.5,4.8,10.6,24.2,49.3,6.4,1.2
11704,13379,0.1,0.1,4.4,4.3,7.4,13.4,25.6,31.2,6.1,7.6
11705,2868,0.5,0,4.6,9.8,8.6,16.4,18.4,19.9,6.7,15.1
11706,21441,0,0.5,5.1,6.3,8.1,11.9,22.3,27,7.5,11.5
11709,2700,0,0.7,3.9,2,7.9,17,20,19.1,6.6,22.8
11710,11810,0.4,0.8,1.9,0.8,5.4,7.3,17.4,36.4,8.3,21.4
11713,3720,0,0.9,17.8,10.6,8.5,25.4,10.1,13.4,4.6,8.7
11714,8114,0.1,0.4,4.1,5.4,2.5,3.6,14.9,53,9.8,6.2
11715,1782,0,0,7.1,5.3,9.8,9.9,13.2,25.8,9,20
11716,3740,0.6,1.2,8.2,5.6,14.5,21.5,24.5,13,1.6,9.3
11717,14730,0.2,0.1,3.7,3,3.7,16.1,34.4,25.2,7.6,5.8
11718,1139,0.4,0.4,1.3,2.1,2.3,3.1,10.6,24.5,13.4,41.8
11719,1246,0,0,6.2,8,11.6,28.4,14.7,12.8,8.5,9.8
11720,9455,0.1,0.1,9.5,6.5,6.6,21.1,28.2,20.9,3.4,3.8
11721,2492,0,0,0.9,6.6,4.8,8.2,19.5,29.9,9.3,20.9
11722,10300,0,0.8,9.2,15.4,7.6,22.7,16.6,16.7,4.7,6.4
11724,1165,0,2.2,3.4,4.6,1.4,10.2,24.8,27,5.5,20.8
11725,10189,0.1,0.6,2.1,8,7.7,7.9,39.1,31.7,1.7,1.3
11726,6431,1.4,0.5,5.6,5.2,8.1,14.6,17.5,30.6,7.8,8.8
11727,12058,0.5,1.7,10.4,18.9,17.3,30,14.6,2.5,1.6,2.3
11729,9372,0.1,0,2.7,3.4,5,15.7,32.2,30.6,6.1,4.2
11730,4815,0.3,0.4,1.7,4.7,11.9,10.3,18.1,34.8,5.4,12.4
11731,10788,0.2,0.5,0.8,2,2.7,11.5,33.8,33.6,5.6,9.3
11732,1511,0,0,1.5,7.2,13.3,9.7,13.2,38.8,5.9,10.4
11733,6172,0.3,0,7.3,13.7,9.7,13.8,32,9,2.3,12
11735,12139,0.6,0.6,3.9,6.2,6.3,4.1,15.4,45.6,7.9,9.5
11738,5440,0,0.4,5.5,6.3,16.3,32.4,21.8,12.2,3,2.1
11739,340,0,2.1,7.1,1.2,3.5,9.1,35.3,18.8,6.5,16.5
11740,3565,0,0.2,2.8,2.6,9.5,9.7,28.1,29.8,7.3,10
11741,9578,0,0.1,4.8,12.7,13.6,38.4,20.1,4.8,2.4,3.2
11742,4730,0.3,0.8,8.8,16.8,13.8,26.2,17.3,11.5,1.9,2.6
11743,16644,0.5,0.7,3.8,4.7,6.3,8.5,19.6,29,6.6,20.5
11746,23009,0.3,0.4,3.5,3.3,6.1,15.3,29.7,26.5,7.8,7.3
11747,7847,1.5,0.9,25.9,13.9,6.1,10.1,17.6,20.3,2.3,1.3
11749,1109,0,0,7.3,9.9,11.2,16.8,44.4,4.3,3,3.2
11751,5404,0.4,0.4,4.1,6.8,6.3,15.5,18.3,21.2,5.7,21.3
11752,3229,0,2.9,6.9,3.6,5.9,10.7,32.7,21.5,2.7,12.9
11753,4465,0.2,1.2,5,6.3,13.8,7.2,26.1,38.4,0.9,0.9
11754,7212,0,0.1,4.9,9,11.3,17,29.1,17.2,5.7,5.7
11755,4312,0.8,0.3,12.4,7.8,6.1,23.4,28.9,11.3,4.2,4.9
11756,13836,0.1,0,0.6,0.8,0.7,2,3.1,51.4,38.7,2.5
11757,15678,0.2,0.3,2.4,1.5,3.4,9.7,22.2,38.4,10.5,11.4
11758,19767,0.1,1.3,3.7,2,2.6,4.8,14.6,54.8,8.8,7.3
11762,7745,0,0,1.4,1,2.6,4.1,10.3,71.7,6.2,2.7
11763,9863,1,1,14.1,8.8,10.9,35.7,16.3,5.4,3.1,3.8
11764,4613,0,0.9,15.9,5.5,13.2,28.5,16.1,12.4,3.1,4.2
11765,327,0,0.6,5.8,11.9,6.4,3.1,15.3,24.2,4.6,28.1
11766,4282,0,0.7,27.2,8.7,10,33.1,7.1,3.3,5.8,4.2
11767,5261,0,0.3,6.7,8.7,10.7,24.6,25.6,10.2,5,8.2
11768,8679,0.1,0.4,3,3.7,5.8,15.8,23,20,8.3,19.8
11769,4005,0,0.3,8.9,5.3,7.3,20,23.3,23,4.4,7.5
11770,1230,0,0.1,5.4,1.7,14.8,9.5,16.7,11.1,10,30.8
11771,4158,0,0.6,8.6,4.9,8.5,11.1,9.8,13.9,7.1,35.4
11772,18270,0.4,0.6,7.2,5,10.2,24.9,15.2,16.5,5.4,14.7
11776,8438,0.1,0.1,12.3,12.3,8.6,23.2,27.3,7.7,1.7,6.7
11777,3735,1.3,0.1,7.1,12.3,13.8,15,13.5,12.9,2.6,21.4
11778,4854,0,1.4,1.7,9.5,10.3,20.3,22.9,14.6,8.7,10.5
11779,13186,0.1,0.1,3.8,6.4,6.6,29,23,17.8,6.1,7.1
11780,5974,0.4,2.1,5.8,9.8,12.4,21,21.6,14.1,2.1,10.8
11782,6729,0.2,1.4,5.4,6.6,9.2,15.2,24.1,15.8,3.8,18.2
11783,7169,0.4,0.1,3.3,3.2,6.3,5.6,10.7,54.9,6,9.5
11784,8505,0,0,3.6,5.8,11.6,27,32.5,11.7,3.9,3.9
11786,2008,0,0.1,5.4,19.4,6.3,26.2,23.7,13.5,0.9,4.5
11787,12754,0.1,0.5,5.6,6.5,8.5,16.9,35.5,19.3,3.8,3.2
11788,6050,0.1,0.7,3.1,7.2,7.7,21.7,44.9,10,2.3,2.4
11789,3153,0.4,0,4.3,5.4,8.6,20.5,13.6,21.7,15.7,9.8
11790,4920,0.6,0,3.2,4.3,9.7,14.2,43.3,14,3.9,6.7
11791,8624,0.3,1.7,2.8,2.8,9,7.4,14.9,50.8,4.3,5.9
11792,3282,0.6,0,15.3,21.2,7.4,15.2,14.3,16.6,1.1,8.3
11793,10752,0.1,0.5,2.8,1.3,3.3,3.5,8.8,60.2,12.6,6.9
11795,8170,0,0,1.2,3.4,5.2,9,25.1,45.7,5.4,5
11796,1216,0,0,4.4,2.2,5.3,4.2,20.1,35.2,9.2,19.3
11797,3276,0,0.5,15.8,11.2,17.4,18.7,18.6,13.4,2,2.3
11798,4165,1.2,0.6,7.5,5.4,8.7,12,35.4,16.2,9.6,3.3
11801,13358,0,0.4,1.3,0.4,2.9,1.7,8.2,59.2,16.8,9.1
11803,10065,0.1,0.9,5.1,3.1,3.5,4.1,17.1,60,3.8,2.4
11804,1767,0.3,0,0.5,2.1,7,3.4,35.3,49.5,0.5,1.4
11901,11963,1,2.6,18.9,12.5,8.4,11.2,16.9,15.2,4.4,8.9
11930,2455,0,0,10.7,13.6,26.6,9.9,12.7,12.4,1.3,12.9
11931,97,0,0,19.6,40.2,0,0,40.2,0,0,0
11932,2241,0,0,12,15,19.5,16.2,9.1,5.3,3.5,19.4
11933,3725,0,0.8,17.1,24.7,26.3,10.9,10,4,1.2,5.1
11934,2776,0.5,1.6,14.4,10.8,7,23.1,11.4,9.3,2.1,19.8
11935,2147,0,1,11.2,10.3,21.7,13.3,11.5,11.9,3,16.2
11937,13010,0.3,1.8,9.9,13,21.2,22.3,8.6,7.4,2.8,12.7
11939,1078,0,0.7,19.7,13.1,15.2,13.3,5.7,11.3,5,16
11940,2176,0,2.1,22.2,10,14.1,22.3,8.3,7.6,0.4,13
11941,832,0,5.2,33.3,17.8,2.2,8.7,3.8,13.6,2.4,13.1
11942,3007,0,1.1,13.9,11.2,12.9,16.2,19.4,15.2,1.5,8.5
11944,2730,0.8,1.8,15.5,12,6.6,6.7,3.7,8.4,6.4,38.1
11946,8608,0,0.7,9.4,10.8,15.1,20.3,16.9,14.6,3.4,8.9
11947,213,0,0,43.7,23.5,8.5,0,6.6,0,0,17.8
11948,864,0,0,1.5,19.8,6.5,27.8,9.7,4.3,1.6,28.8
11949,5247,0.8,1,21.1,37.3,16.6,11.6,4.3,2.7,1.1,3.4
11950,5074,0.6,0.1,9.7,9.5,11.7,37.1,7.1,17.2,3.4,3.8
11951,5454,0.6,2.2,9,4.6,11.3,17.7,17.7,20.5,7.6,8.9
11952,2578,0,0.8,5.1,9.2,10.6,11.6,11.7,19.1,5.7,26.3
11953,5567,0.8,0,12.6,22.1,16.3,26.9,6.9,7.7,4.4,2.3
11954,4579,0,0.8,10.6,9.3,26.3,19,15.9,8.9,1.4,7.7
11955,1891,0,5.6,16.7,19.8,27.6,10.1,10.2,1.5,0.8,7.8
11956,293,0,0,1.7,6.1,5.8,6.8,4.1,14.7,3.4,57.3
11957,816,0.6,0,16.5,8,10.8,11.2,7.4,10.9,0.9,33.8
11958,451,0,0,18.6,11.1,28.8,2,0,4.4,8.9,26.2
11959,1552,0,1.9,19.1,7.8,23.5,10.8,8.7,5.5,2.6,20.1
11960,1047,0,1.2,22.4,13.5,14.1,16.1,11.8,2.8,1.3,16.6
11961,6104,0.4,2.1,6.8,7.2,23.5,40.4,7.1,8.7,3.2,0.5
11962,847,0,0.2,11.9,26.1,16.2,8.6,12,1.1,1.1,22.8
11963,5811,0.7,1.3,13,10.4,14.9,16.2,12.8,10.4,6.1,14.1
11964,2196,0,1.1,11.8,11.7,22.2,18.2,7.2,10.2,2.5,15
11965,1032,0,0,20.5,16.5,10.4,7,3.6,7.2,5.9,29
11967,8685,0.1,0.2,12.1,11.5,15.3,34,10.8,12.8,2.1,1.1
11968,9405,1.8,1.1,9.2,11.5,17.3,13.3,8.6,15.6,4.6,16.9
11970,485,0,7.8,7.8,8,28,0,14.2,8,0,26
11971,4207,0,0,12.2,8.2,16.3,25.1,10.4,6.1,5.7,16.1
11972,607,0,0,18.8,15.8,16.3,21.1,8.4,4.4,8.7,6.4
11973,169,12.4,0,0,0,24.9,24.3,0,0,38.5,0
11975,747,0,0,8.8,22.2,21.7,14.7,4,10.2,4.6,13.8
11976,2143,1.6,0.3,8.8,25,22.3,14,3.3,1.2,7.1,16.5
11977,1679,0,1.6,21.8,11.6,17.6,11.1,8,6,6.6,15.5
11978,3883,1.6,1.3,9.9,10.8,11.3,17,15.7,11.6,6.1,14.8
11980,1832,2.2,1.1,19.5,13.3,25.9,16,6.8,7.2,5.7,2.3
12007,32,0,0,0,100,0,0,0,0,0,0
12008,161,0,0,16.8,7.5,8.1,3.1,0,7.5,0,57.1
12009,3206,1.3,4.6,9.2,11.2,10.6,15.6,6.1,11.3,3.5,26.6
12010,14039,0,0.3,4.2,5.5,5.9,8.1,6.8,14.2,10.8,44.3
12015,1483,0,0.7,14.5,14.7,10.9,11.7,4.9,6,2.8,33.8
12017,305,0,0,18,6.6,13.1,26.6,8.9,4.3,6.2,16.4
12018,3308,0.4,1.5,6.2,11.6,15.7,11.8,5.5,15.7,8.2,23.3
12019,6045,1.3,4.4,12.8,7.6,10.7,25.2,17,13,2.2,5.7
12020,14136,1.2,5.7,13.6,17.2,22.2,10.6,5.3,5.2,2.1,16.9
12022,534,0,1.1,19.7,3.7,12,11.6,0.9,9.6,1.7,39.7
12023,960,0,0,12.7,10.7,10.6,15.3,3.4,11.1,5.1,30.9
12025,3062,0.1,1.9,12.1,18.8,14,5.3,10.5,9.9,11.6,15.8
12027,1575,0,4.3,8.1,11.8,5.2,15.4,18.7,14.4,8.8,13.3
12028,317,0,2.2,14.2,16.7,21.1,4.4,14.8,0,0,26.5
12029,724,0,0.7,8.6,10.2,20.6,4.7,4.7,9,3.9,37.7
12031,84,0,0,8.3,4.8,14.3,14.3,4.8,3.6,0,50
12032,1268,0.6,1.6,6,5.3,6.3,8.8,7.5,11.8,17.6,34.5
12033,3384,0,3.2,7.2,9.6,17.5,11.3,13.9,13.6,1.5,22.3
12035,344,1.5,0,9.9,16,6.1,10.2,0,14.5,1.5,40.4
12036,165,0,0,14.5,19.4,3,10.3,4.8,2.4,0,45.5
12037,2329,0,2.4,4.4,10.9,10.3,7.4,4.9,11.4,6.4,41.9
12040,75,0,0,0,6.7,0,34.7,0,8,0,50.7
12041,271,0,10,6.3,33.6,0,0,3,3,0,44.3
12042,141,0,9.9,7.8,5.7,5,0,46.1,5,0,20.6
12043,3575,0,0.8,9.5,9.4,11.9,18,7.6,9,5.4,28.3
12045,244,0,0,0,0,9.8,3.7,4.1,11.1,0,71.3
12046,428,0,2.3,0,13.3,14.5,11.4,2.3,7,2.3,46.7
12047,10123,2.5,3.8,8.1,5.2,2.6,11.8,5,10.3,5,45.7
12051,1828,0,0.7,10.9,7.8,12.4,16.6,3.9,6.2,3.5,38
12052,810,0,0.7,14.3,13.1,13.2,19.4,8.1,7,6.5,17.5
12053,1903,1.2,3.3,15.3,8.7,10.5,13.9,8.2,2.6,7.4,28.8
12054,7197,0.6,3,9.1,6,8.4,12.7,13,19.2,9.4,18.8
12056,958,0,5.2,12.8,18.9,14.4,9.6,9.2,5.5,4.3,20
12057,901,0,0,11,9,17.1,19,9,6.9,0,28.1
12058,793,0,4.2,11.9,13.1,20.2,20.3,3.3,2.1,6.1,18.9
12059,1015,0,1.4,8.8,18.7,16.8,18.9,4.6,9.2,4.9,16.7
12060,946,0.4,2.2,11.2,7.9,17.3,10.1,1.8,7.3,3,38.7
12061,3806,0.8,1.8,18.2,18.6,8.9,16.7,14.8,8.4,3.7,8.1
12062,754,1.9,0.4,10.2,19.1,11,9.3,12.5,9.7,4,22
12063,138,0,34.8,0,0,0,0,9.4,19.6,0,36.2
12064,385,0,0,0,15.3,16.4,5.7,1.3,4.2,6,51.2
12065,18479,1.3,2.5,13.5,20.3,23.9,20.6,11.7,2.7,0.6,2.9
12066,933,0.5,1.2,16.1,18.9,8,12.9,2,10.2,4.9,25.3
12067,634,0,7.9,3.6,17.8,14.5,14.2,2.7,9.3,5.4,24.6
12068,1410,0.8,1.8,6.2,14.5,15.2,5.3,13.2,7.7,2,33.3
12069,113,0,0,14.2,0,0,0,0,0,0,85.8
12070,650,0,0,6,14,13.4,3.2,0.3,14,10.6,38.5
12071,212,0,0,1.9,18.4,13.2,17.9,5.2,2.8,0,40.6
12072,1160,0.4,2.4,13.9,18.5,12.5,8.3,5,2.5,0.9,35.6
12074,1601,0,2.2,7.2,19.5,11.2,12.4,11.8,7.2,2.9,25.5
12075,1344,0,0,8.9,15.8,14.8,20,5.6,7.2,3.2,24.6
12076,1489,0.3,1.4,12.8,13.6,23,13.7,10.1,4.8,1.3,19.1
12077,2670,0.6,2.2,14.3,26.1,21.7,9,6.6,10.3,3.2,6
12078,12302,0.4,1.8,3.2,5,6.6,9.1,7.9,11.8,9.6,44.5
12083,1804,1.2,1,14.7,12.1,15.2,5.7,8.2,9.1,7.5,25.3
12084,2198,0,0.7,4,11.3,17.2,35.4,19.9,3.7,0.3,7.5
12085,201,0,0,0,0,9.5,32.8,15.4,42.3,0,0
12086,828,0,0,9.9,10.3,8.2,8.1,8.8,13.3,8.9,32.5
12087,391,0,0,4.6,8.2,24,9,2.3,3.8,4.3,43.7
12089,66,0,0,0,48.5,0,0,0,39.4,12.1,0
12090,2928,0,0.2,2.1,7.9,6.6,7.4,10.2,6.1,1.4,58.1
12092,507,0,7.3,8.5,13.2,11.8,13.8,6.5,7.5,6.7,24.7
12093,1302,0.2,0.3,14.1,12.7,17.3,18.9,6.2,5.8,2.8,21.8
12094,1047,0,10.2,5.3,10,17,11.4,2.4,5.7,0,37.9
12095,5297,0.2,1.3,4.3,8.2,7.5,6.8,8.3,9.8,9.2,44.5
12106,1306,0,0.2,4.4,13.9,8,23.2,5.7,5.8,5.7,33.1
12108,949,0,0,10.7,20.3,10.3,15.5,13.2,7.6,7.2,15.2
12110,7980,0.1,0.7,4.8,8.9,16.1,15.2,19.9,23.3,5.8,5.3
12115,94,0,0,0,0,23.4,0,0,6.4,0,70.2
12116,1228,5.5,0,7.7,9.9,11.6,12.6,6.8,14.2,3.1,28.8
12117,2190,0.4,1.4,8.7,10.5,9.1,14.7,6.8,15.4,9.7,23.1
12118,7043,2,7.9,15.5,11.4,8.5,8.6,6.6,7.2,5.1,27.3
12120,342,0,1.8,19.3,14,13.2,14,2.3,5.6,3.8,26
12121,610,0,0,13.9,12.5,16.4,7.2,16.4,16.9,0,16.7
12122,2939,1,0.3,11.4,11.1,11.2,11.7,5.4,6.5,7.4,33.9
12123,2365,0,2.4,6.2,7.9,12.2,6.2,10,9.4,12.4,33.2
12124,345,0,0,0,0,2.9,10.7,16.5,2.3,7.2,60.3
12125,860,2.8,0.8,6.9,7.3,3.7,4.4,16.3,4.3,0,53.5
12130,384,0,0,0,25,0,15.1,21.4,2.9,0,35.7
12131,93,0,12.9,11.8,19.4,20.4,2.2,0,0,0,33.3
12132,166,0,0,11.4,20.5,0,0,0,0,0,68.1
12134,3039,0.2,1.8,10.8,8.3,13.3,13.4,8,9,6.5,28.7
12136,397,0,0,5,3.3,27.2,6,10.6,2.8,4.3,40.8
12137,813,0,1.6,9.5,11.8,10.6,19.8,5.4,3.3,11.6,26.4
12138,1896,0.2,0.4,13.4,11,15,12.1,10.7,5.7,7.4,24.1
12139,756,0,0,8.7,22,6.2,14.2,14.2,11.2,5.3,18.3
12140,639,0,1.7,12.5,15.2,1.6,13.9,9.4,15.8,0,29.9
12143,2238,0,1.1,5.5,7,13.5,14.9,8,13.8,7.6,28.6
12144,9578,0,3.3,13.5,8.3,11.2,8.6,6.5,10.9,4.5,33.3
12147,323,0,0,8,9,6.2,13.3,2.8,0.9,5.9,53.9
12148,2070,0.4,9.1,25.9,16.7,12.1,8.3,6.7,7.3,6.4,7.2
12149,1323,0,0.5,13.6,18.8,12.2,12.8,5.1,5.1,3.9,28.1
12150,328,0,0,18.6,4.3,4.6,15.5,7.6,11,0,38.4
12151,355,0,1.1,2.8,3.7,5.9,4.8,0.6,3.4,1.4,76.3
12153,552,0,2.5,13.2,23.4,11.6,6.5,16.5,0.7,0.5,25
12154,1167,0.4,1.2,7.9,12.9,17.7,13.5,6.3,9.1,4.2,26.8
12155,1090,0,0.4,8.9,12.2,13.5,11.6,6.7,6,2.5,38.3
12156,385,0,0,16.4,9.9,21.8,4.9,2.9,0,0,44.2
12157,1874,0.3,1.1,11,22.7,8.6,14,5.9,4.5,4.9,26.9
12158,2739,0,1.1,17.8,12,21,14.1,3.3,5.4,5.1,20.1
12159,3516,2.6,1.8,7.1,34.9,18,10.2,8.1,4.3,2.8,10.2
12160,390,2.8,2.1,8.5,8.5,18.7,11.3,2.3,3.6,3.8,38.5
12161,82,0,0,0,0,68.3,0,15.9,0,0,15.9
12164,555,0,0,6.3,12.8,5.6,14.1,15.1,7.9,7.9,30.3
12165,111,0,0,23.4,22.5,11.7,20.7,0,0,0,21.6
12166,638,0,7.4,4.7,15.4,13.6,11.8,2.8,5.5,3.3,35.6
12167,1648,0,0.7,11.1,10.5,15,14.4,6.9,4.2,5.2,32
12168,1124,0,2.8,10,14,32.3,8.5,6,1.8,1.5,23.2
12169,139,0,0,5.8,4.3,10.8,16.5,12.2,9.4,5.8,35.3
12170,1998,1,1.3,8.8,15.4,19.5,12.2,5.1,11.2,4.3,21.3
12172,148,0,0,0,4.7,2.7,23,0,10.1,0,59.5
12173,807,0,0,5.6,15.2,12,28.3,11.3,3.2,0,24.4
12174,150,0,0,0,0,0.7,10.7,0,10.7,3.3,74.7
12175,442,0,0.9,12,14.5,21.9,12.4,7.7,4.8,4.1,21.7
12176,182,0,0,5.5,23.1,16.5,4.9,17,0,4.9,28
12177,281,0,0,0,4.6,9.6,0,0,24.9,2.8,58
12180,24877,0.5,1.5,4.6,4.7,7.2,10.4,9.5,8.6,5.5,47.4
12182,6982,1.1,0.3,3.5,9.1,4.2,7.8,6.7,11.7,8.8,46.9
12183,1323,0,0.7,11.4,6.5,1.7,2.8,2.8,10.4,5.4,58.4
12184,3173,0.4,1.9,8.5,14.4,17.1,22.4,5.3,4.5,3.4,22
12185,861,0,4.6,10.5,13,8,5.8,7.5,3.4,0.8,46.3
12186,2750,1.6,0.7,5.5,9.5,9.5,17.5,22.7,9.6,5.9,17.6
12187,349,0,0,11.5,7.4,24.4,18.6,5.2,3.2,4.6,25.2
12188,5000,0.6,2.1,5.4,8.4,20.8,8.3,10.2,11.7,3.3,29.3
12189,8764,0.7,2.8,7.7,7.6,8.8,12.6,9.2,10.2,3.6,36.9
12190,766,0,1.2,9.8,7.4,10.2,9.5,20.1,9.3,11.6,20.9
12192,836,0,0,8.5,8.3,15.7,21.2,12.1,6.6,7.2,20.6
12193,956,0,0,7.9,21.1,18.8,10.5,13.5,1.3,2.8,24.1
12194,132,1.5,0,11.4,15.2,7.6,12.9,17.4,0,0,34.1
12195,92,0,0,9.8,0,18.5,18.5,47.8,0,0,5.4
12196,1276,0,0.2,19.2,8,8.9,11.8,8.7,20.3,8.5,14.4
12197,1322,0.5,1.4,6.5,14.2,11.2,12.3,6.8,4.8,2.5,39.8
12198,3219,0,2.2,11.3,9.6,4.3,7.7,10.3,25.1,4.4,25.1
12202,5555,1,0.1,0.8,1.5,6,7.5,10.2,6,3,64
12203,14725,0.1,0.7,3.5,5.8,9.1,14.1,9.5,17,11,29
12204,3986,0,0.3,4.7,7.6,9.7,25.8,15,5.8,6.7,24.4
12205,11960,0,0.4,4.7,6.6,9.6,16.8,14.3,24.1,8.8,14.6
12206,7831,0.2,0.6,0.1,3,4,8.7,4.8,6.9,9.8,61.9
12207,1059,0.7,1.6,1.2,0.7,4.6,39.1,13.8,1.3,0.7,36.4
12208,10618,0,0.4,2.4,3.9,6.7,9.9,9.2,14,7.1,46.3
12209,4721,0,0,4.9,4,2,2.2,9,13.7,11.7,52.6
12210,6455,0.2,1.7,2.2,3.9,5.4,5.4,4.8,3.6,5,67.9
12211,4424,0.4,0.2,5.9,8.4,8.4,10.7,22.4,24.2,10.2,9.2
12302,12148,0.9,0.9,7.6,7,6.3,12.5,9.7,19.4,9.5,26
12303,13011,0.2,0.5,5,8.7,10.2,8.8,8.4,16.4,9.9,31.9
12304,10074,0.9,1.2,4.4,5.3,8.4,10.7,5.5,13.1,10.4,40.1
12305,3223,0,2,1.8,1.9,9.5,4,6.5,8,7.2,59.2
12306,11439,0.7,0.9,7.7,6.3,8.1,8.4,8.6,14.8,13.8,30.7
12307,3514,0,0,1.1,3.2,7.2,10.2,1.5,4,4.1,68.8
12308,7306,0.2,0,1.2,3.1,6.7,6.5,6.2,9.3,6.6,60.2
12309,11455,0.2,0.8,7.4,8.2,12.9,10.3,11.4,17.2,10,21.7
12401,16288,0.6,1.6,4.8,4.3,5.2,11.5,8.5,15,6.6,42
12404,2236,0,0.7,11.8,10.6,19.8,9.3,10.3,4.8,5.4,27.3
12405,308,1.9,0,6.2,11.7,5.5,5.2,2.9,23.4,9.7,33.4
12406,734,0,4,16.3,5.6,9.1,14.7,6.9,7.5,8.9,27
12407,170,5.3,2.4,18.8,11.8,14.7,12.4,15.3,2.4,0,17.1
12409,476,0,0,7.1,1.9,15.8,11.3,12.6,7.1,3.8,40.3
12410,557,0,0,5.2,6.8,16,13.1,7,10.8,11.3,29.8
12411,193,0,0,22.3,4.7,0,5.7,7.8,4.1,0,55.4
12412,424,0,0,0,0,21.7,23.8,29.5,0,9.7,15.3
12413,1593,0,0.4,15.2,11.4,7.5,17.3,5.8,12.9,6.3,23.3
12414,5331,0,0.4,5.8,5.6,6.7,12.2,10.1,11.8,6.6,40.8
12416,150,0,0,0,16.7,13.3,39.3,16,0,8,6.7
12417,189,0,0,9,0,24.3,0,17.5,7.9,9,32.3
12418,413,0,0,10.2,16,14,16,7.5,6.8,2.2,27.4
12419,338,0,0,12.1,3.6,11.5,11.5,5.3,16.6,2.1,37.3
12420,271,0,0,0,10.3,14,7.4,11.8,0,10.7,45.8
12421,728,0,0,16.5,10,18.5,41.2,6.3,3.8,2.6,1
12422,264,0,0,8,9.8,9.8,10.2,5.3,9.8,0,47
12423,700,0,0,8.1,10.3,11.9,13.1,12,10.1,14.1,20.3
12424,397,0,0,8.1,15.1,35.8,10.8,2,3.3,0.5,24.4
12427,438,0,0,16.2,5,11.4,9.4,0,0,5,53
12428,3315,0,0.6,5.7,5.2,9.3,11.3,15.7,16.8,5.3,30
12429,102,0,0,0,16.7,0,0,27.5,0,0,55.9
12430,1181,0.2,0.7,14.3,4.6,23.2,16,8.6,6.5,4,22
12431,752,1.3,1.1,6.3,10.2,14.9,22.6,12.4,3.9,11.4,16
12432,237,0,0,13.5,0,23.2,7.2,0,30.8,0,25.3
12433,353,9.3,5.1,15,1.7,18.7,22.7,17.6,1.7,5.7,2.5
12434,467,0,0,9.6,4.5,14.1,18.4,6,10.5,1.3,35.5
12435,266,2.3,0,24.1,2.3,10.5,7.9,20.3,7.1,7.1,18.4
12436,499,0,0,7.6,4.6,0,4.6,8.6,4.8,17.8,51.9
12438,68,0,0,0,0,0,35.3,0,0,0,64.7
12439,508,0,0,20.7,14,20.3,13.8,3.9,2.6,1,23.8
12440,1141,0,0,5.4,11.1,13.8,8.1,7.8,16.2,1.5,36
12441,73,0,0,30.1,30.1,5.5,0,0,0,0,34.2
12442,1563,0,2.5,12.8,7.6,19.4,24.2,10.6,2.2,1.3,19.4
12443,1928,0,0.3,9.2,3.7,9.2,13.4,11.7,27,8.6,17
12444,720,1.8,3.6,18.1,11.1,23.6,7.2,9,3.6,3.5,18.5
12446,2766,0,0.3,17.5,9.1,13.6,12.4,9.6,10.6,8,18.9
12448,399,0,0,16,6.5,2,9,7.8,8.5,2,48.1
12449,1281,0,0,3,10.4,26.7,7.8,20.2,18,6,7.9
12450,116,0,0,0,0,87.9,12.1,0,0,0,0
12451,718,0,0,9.7,4.3,8.8,22.4,11.3,5.4,5.4,32.6
12452,248,0,0,29.4,9.3,9.7,15.3,1.6,10.1,0,24.6
12453,131,0,0,12.2,0,0,0,3.8,32.8,0,51.1
12454,330,0,1.2,22.4,5.2,13,5.2,12.1,13,1.5,26.4
12455,1959,0,2.6,11.8,10.4,19.6,12.5,7.1,6.4,5.9,23.7
12456,238,0,0,0,0,0,0,0,86.1,0,13.9
12457,609,0,1.3,4.6,0,5.3,4.9,28.4,9.9,7.6,38.1
12458,1279,0,6,9.5,10.8,12.4,14.9,16.2,8.2,4.7,17.4
12459,247,9.7,0,20.2,4,16.6,16.6,6.1,0,0,26.7
12460,174,0,0,0,8,12.6,20.1,0,5.7,8,45.4
12461,906,0,3,4.4,16.4,15.1,16.4,4.3,13.8,5.1,21.4
12463,758,1.6,0,12,5.8,24.5,0,6.2,13.9,7.3,28.8
12464,820,0,1.1,6.2,3.8,16.7,4.5,3.4,14.4,7,42.9
12465,361,0,0,14.4,6.1,10.8,15,3.9,6.6,0,43.2
12466,1102,0,0,0.6,14.2,24,8.3,12.3,13.6,6.3,20.7
12468,883,0.3,1.9,22.1,13.4,14.6,12.9,4.2,2.2,2.3,26.2
12469,648,0,0,20.1,4.8,12.2,11.7,10.5,6.5,2.2,32.1
12470,305,0,0,4.6,0,14.1,17.7,23.6,19.3,0,20.7
12471,86,0,0,0,0,0,0,30.2,0,0,69.8
12472,796,0,0,5.4,11.9,9.4,3.1,9.2,12.7,1.5,46.7
12473,586,0,3.4,23.2,11.8,13,25.4,6.1,0,2,15
12474,934,0,0,5.5,5.1,16,11,11,6.6,5.5,39.3
12475,212,0,11.3,5.2,4.7,0,16,12.7,0,3.8,46.2
12477,8597,0.6,0.8,9.5,6.9,9.4,13.1,13.4,12.8,6.1,27.3
12480,626,0,3.2,2.9,4.5,12,13.4,14.1,6.1,5.1,38.8
12481,744,0,0,9.5,1.3,16.8,12.4,10.9,15.7,12.8,20.6
12482,300,0,0,18.3,16.3,25.7,18,8.7,8,0,5
12483,375,0,2.9,5.3,7.7,0,0,0,28.3,13.3,42.4
12484,1549,0,0,17.2,7.5,12,9.2,11.4,12.1,3.4,27.2
12485,1171,0,0,10.8,6.8,8.1,6.2,9.5,6.3,7,45.2
12486,697,0,2.3,5.6,7.2,10.9,11.5,15.4,25.7,2,19.5
12487,1444,0,0,9.3,11.6,17.6,7.2,23.1,8,5.3,18.1
12489,190,0,0,10,4.2,9.5,6.8,7.4,10.5,16.8,34.7
12490,58,0,22.4,0,0,0,0,0,0,0,77.6
12491,813,0,0,4.4,7.1,9.6,14.5,18.8,22.9,9.3,13.3
12492,364,0,0,16.2,8.5,12.6,7.4,6.6,6.3,6.6,35.7
12493,187,0,0,0,4.8,0,28.3,21.4,0,0,45.5
12494,566,0,0,4.6,31.1,2.1,14.8,3.2,6.4,2.5,35.3
12495,233,0,0,8.6,0,8.2,48.5,0,11.2,0,23.6
12496,2333,0,0.7,15.9,10.5,29.4,11.8,4.3,3.6,4,19.7
12498,3255,0.2,1.5,3.9,6,7.5,8,23.3,17.7,4.5,27.4
12501,1255,0,1.5,9.1,10.8,12.3,1.4,10.7,13.8,4.1,36.5
12502,786,0.4,0.6,10.4,9.5,17.6,12.6,7,9.2,1,31.7
12503,493,0,0.4,11.2,14.6,12.6,14.2,10.5,4.1,4.7,27.8
12504,62,0,0,0,0,8.1,24.2,0,0,0,67.7
12507,91,0,0,0,0,0,5.5,0,0,0,94.5
12508,7960,1,1.9,10.7,6.2,13.3,10.4,8.3,9.6,6.8,31.8
12512,60,0,0,0,0,0,0,0,58.3,0,41.7
12513,187,0,0,0,0,27.3,0,10.7,42.2,11.2,8.6
12514,1444,0,1,12,8.4,20.8,18,9.3,5.3,6,19.1
12515,587,0,0,7.2,15.3,21.8,10.4,23.5,6.6,0,15.2
12516,1130,0,0,7.3,4.8,14.9,19.1,22.8,9.6,1.2,20.3
12517,302,0,5,4,11.6,15.9,2,27.5,11.9,6,16.2
12518,2771,0,1.4,4.2,16.8,6.9,12.5,8.7,17.3,3.4,28.9
12520,1108,0,2.8,1.6,6.6,7.8,3.2,6.9,13.4,7.8,50
12521,1307,0,0,9,6.7,22.6,26.2,9.3,9.3,4.6,12.4
12522,2257,0.4,0,10.6,7.5,17.1,24.9,9.7,7.6,4.3,17.8
12523,872,0,2.1,16.9,10.6,15.9,18.6,13.1,8.4,4.5,10.1
12524,6390,1.1,2.9,15.4,10.6,14.9,18.2,12.8,12.4,2.9,8.9
12525,1342,0,1.3,8.9,22.8,14.9,16.8,6.9,7.1,3.4,17.9
12526,1985,1.6,1,12.4,7.5,10.5,6.5,5.6,6.3,5.5,43
12528,5640,0.7,4.3,13.3,9.4,13.5,11.5,11.5,7.8,4.2,23.8
12529,1873,0.3,1.7,4.1,5.4,20,9,15.5,11.7,7.6,24.8
12530,89,0,0,0,0,0,0,18,0,27,55.1
12531,1322,0,1.7,8,13,10.1,8.8,19,17.5,8.6,13.3
12533,9768,0.2,2.4,15.3,11.9,23.2,16.2,10.9,9.5,2.7,7.7
12534,9074,0.1,1.3,8,5.9,12.8,13.5,9.5,9.7,5.7,33.5
12538,5314,0.1,0,6.4,7.2,11.8,16.7,17.5,27.3,4.7,8.2
12540,2896,0.2,0.6,13.8,16.2,24.4,16.3,12.5,5.4,2.2,8.5
12542,2628,0,1.5,10.2,14.5,10.4,16,5.3,13.4,5.4,23.3
12543,1495,1.2,1.3,4.8,9.5,21.2,16.5,8.5,9.3,8.4,19.3
12545,2570,0,0,10.9,6.2,13,17.2,4.7,10.2,6.5,31.4
12546,1703,0,0,9.3,4.5,13.4,12.2,8.8,13.4,6.9,31.4
12547,1119,0.5,2.1,12.6,14,18.1,9.4,8.3,11.8,1.8,21.3
12548,626,0,0,16.1,11.5,18.4,19.8,10.2,7.3,2.6,14.1
12549,4267,0.3,1.8,14.6,12.6,15.7,15.7,8.6,6,3,21.8
12550,22058,0.3,1.3,6.8,5.8,6.6,9.2,12.2,16.1,5.5,36.1
12553,10164,0.3,4.2,15.1,7.8,13.2,14.8,16.2,11.3,3.1,14
12561,6989,0,2.8,13.1,9.8,18.2,13.4,12,10.9,2.3,17.5
12563,2587,0,0.6,10.4,15.6,10.3,12.1,10.4,9.7,13.8,17.1
12564,3111,0,0,15.2,16.8,8.8,11.7,10.5,8.3,4.7,23.9
12565,686,0,0,5.7,13.7,2.6,1,7.3,6.3,10.9,52.5
12566,4251,0.2,2.1,15.5,18.3,10.8,10.6,10.3,13.6,6.5,12.2
12567,1587,0,0,11.8,11.3,14.8,12.2,8.3,9.5,4.8,27.4
12569,4317,1.2,1,11.6,10.1,16.2,14.4,13.4,16.1,6,10.1
12570,2748,0,1,20.6,26.4,16.7,15,11.6,1.5,1.9,5.3
12571,4582,0,1.5,13.8,7.6,14.4,13.2,12.2,14.7,3.4,19.2
12572,4271,0.4,1.6,13.1,8.9,17.3,8.7,11.5,11.5,6.1,20.9
12574,139,0,0,12.2,23.7,0,0,0,10.8,0,53.2
12575,816,4.4,3.7,20.2,25.9,25.4,4.7,0,4.8,2.7,8.3
12577,616,1.8,0,17,11.4,19.3,14.9,8.9,12.7,1.3,12.7
